154.264
 139.550
 133.831
 158.976
 144.304
 169.576
 142.164
 158.611
 134.400
 162.616
 139.566
 161.016
 138.871
 163.636
 139.895
 158.591
 152.235
 170.297
 138.750
 146.930
 137.350
 165.951
 156.270
 166.978
 137.353
 133.834
 141.202
 162.248
 169.543
 175.246
 135.932
 130.754
 132.859
 145.532
 171.253
 171.667
 154.260
 131.771
 125.447
 138.622
 162.572
 165.564
 168.900
 141.206
 124.001
 125.093
 163.335
 169.694
 164.279
 143.101
 135.084
 129.271
 151.028
 162.400
 167.669
 163.420
 137.802
 124.335
 141.838
 142.791
 188.731
 158.421
 154.792
 121.830
 143.264
 130.688
 166.178
 168.351
 165.204
 129.381
 130.492
 139.756
 168.498
 180.068
 167.967
 147.741
 126.361
 116.177
 142.437
 152.858
 181.030
 154.933
 142.671
 127.714
 144.912
 151.582
 171.276
 161.580
 141.682
 133.092
 136.211
 149.311
 181.258
 176.419
 147.330
 133.281
 121.876
 129.013
 147.526
 170.815
 169.500
 150.673
 137.506
 124.391
 145.532
 160.148
 176.472
 155.758
 155.299
 119.005
 140.603
 141.456
 172.981
 144.695
 169.695
 152.226
 160.176
 135.563
 146.065
 145.922
 167.639
 160.698
 160.876
 128.387
 145.063
 133.116
 160.923
 164.353
 165.832
 130.055
 134.776
 133.494
 150.796
 169.064
 163.095
 166.519
 146.611
 148.338
 144.204
 160.890
 148.091
 156.529
 139.067
 151.505
 152.692
 164.835
 154.074
 161.828
 137.077
 148.879
 140.295
 159.638
 159.751
 147.233
 150.200
 139.786
 148.966
 162.339
 155.807
 154.967
 134.957
 144.200
 130.863
 175.083
 172.607
 172.284
 140.602
 125.984
 131.524
 153.044
 176.736
 175.261
 145.777
 137.188
 136.165
 145.869
 154.551
 165.247
 171.467
 130.009
 140.867
 132.836
 172.557
 157.373
 175.599
 147.390
 138.042
 123.087
 137.363
 167.633
 190.512
 155.575
 137.741
 105.847
 132.398
 166.150
 192.266
 177.820
 137.838
 117.981
 128.103
 145.161
 165.573
 156.837
 162.551
 139.561
 147.078
 148.248
 168.175
 167.378
 152.028
 130.702
 112.487
 131.146
 165.503
 188.370
 161.885
 123.174
 117.358
 136.481
 152.167
 164.184
 161.002
 161.627
 145.904
 143.595
 142.790
 158.599
 155.858
 146.016
 148.227
 138.058
 162.113
 146.354
 158.454
 135.391
 162.661
 136.233
 159.408
 143.063
 153.625
 142.508
 153.529
 153.262
 139.880
 155.012
 138.350
 169.205
 147.700
 161.134
 133.099
 151.309
 127.483
 146.867
 138.115
 167.227
 159.897
 154.319
 133.818
 129.985
 141.464
 169.992
 176.011
 157.156
 128.611
 129.612
 140.203
 175.951
 168.043
 158.533
 126.538
 132.758
 129.490
 165.128
 167.983
 172.328
 142.743
 144.998
 138.287
 149.413
 165.926
 150.228
 160.161
 139.335
 148.028
 138.796
 139.564
 137.137
 142.714
 163.081
 160.285
 172.254
 141.093
 145.906
 129.582
 153.734
 162.410
 181.248
 146.669
 135.085
 134.504
 148.400
 154.966
 157.983
 163.473
 134.027
 147.618
 135.691
 157.875
 140.927
 155.922
 147.187
 158.914
 144.332
 142.446
 151.221
 148.297
 160.365
 143.888
 151.138
 141.770
 145.429
 156.243
 153.682
 156.655
 142.959
 133.760
 138.226
 169.482
 183.146
 156.291
 150.749
 128.626
 151.138
 147.955
 174.721
 152.783
 158.151
 125.248
 152.355
 141.177
 159.266
 140.793
 161.348
 147.722
 160.558
 148.646
 149.473
 146.554
 159.637
 156.945
 146.574
 133.660
 129.136
 148.506
 148.494
 166.169
 144.227
 142.975
 140.199
 151.856
 157.022
 167.524
 144.884
 143.024
 131.413
 149.683
 159.031
 170.662
 156.199
 141.453
 137.323
 135.386
 155.254
 165.543
 162.172
 148.784
 129.915
 125.566
 146.090
 179.594
 177.575
 151.543
 139.509
 130.718
 136.478
 157.820
 167.314
 164.903
 134.432
 134.117
 131.776
 168.241
 166.189
 165.004
 143.056
 144.409
 148.055
 165.208
 158.813
 160.464
 142.366
 145.030
 135.428
 169.473
 158.394
 161.994
 127.056
 139.213
 130.418
 161.878
 159.958
 158.043
 133.790
 129.699
 139.391
 173.394
 175.853
 171.132
 127.437
 138.652
 119.403
 147.702
 154.949
 176.687
 140.535
 150.235
 113.521
 149.245
 150.412
 171.776
 147.552
 151.582
 136.679
 139.529
 140.499
 161.933
 158.847
 173.771
 136.964
 143.519
 128.675
 158.672
 155.450
 172.429
 151.507
 144.922
 118.179
 125.971
 142.473
 177.933
 172.848
 152.573
 133.525
 132.667
 142.234
 152.399
 151.879
 158.333
 151.602
 149.007
 154.154
 150.913
 155.469
 128.214
 146.994
 149.784
 165.128
 150.791
 139.533
 127.170
 142.222
 162.908
 185.327
 151.189
 139.421
 114.396
 139.811
 162.969
 174.755
 154.365
 130.167
 127.367
 130.467
 165.635
 175.403
 177.031
 138.170
 124.681
 139.532
 170.576
 181.812
 164.151
 141.335
 125.294
 125.528
 154.231
 153.866
 171.910
 155.421
 141.408
 125.671
 142.324
 163.101
 175.726
 158.555
 149.057
 113.685
 136.101
 148.989
 168.304
 150.204
 153.924
 127.051
 149.085
 139.371
 175.410
 154.854
 172.052
 138.419
 133.056
 124.659
 150.609
 158.059
 178.339
 139.190
 138.108
 114.085
 143.893
 160.034
 184.540
 177.093
 157.093
 130.970
 122.295
 135.141
 169.659
 164.324
 158.345
 148.632
 144.078
 131.302
 164.664
 158.688
 175.716
 149.460
 160.774
 134.125
 156.312
 150.632
 168.670
 162.237
 144.569
 129.460
 138.273
 151.530
 173.111
 180.685
 159.262
 147.115
 129.678
 156.893
 169.645
 177.778
 152.816
 146.179
 131.689
 161.480
 150.330
 163.980
 132.260
 154.778
 121.455
 158.383
 140.797
 161.431
 142.768
 164.515
 138.195
 154.989
 140.677
 160.995
 149.559
 160.709
 147.022
 153.584
 139.485
 150.303
 133.959
 174.372
 161.569
 160.864
 138.975
 125.062
 147.960
 161.848
 183.017
 157.569
 142.738
 126.549
 158.362
 149.475
 169.288
 153.157
 149.541
 126.189
 140.679
 139.866
 171.395
 152.754
 141.863
 141.883
 145.859
 159.865
 151.506
 167.374
 149.718
 138.440
 120.042
 147.978
 148.507
 179.567
 143.759
 164.770
 117.360
 143.837
 127.853
 163.795
 160.741
 174.205
 143.343
 141.705
 125.070
 156.906
 150.723
 175.762
 150.432
 141.660
 140.108
 150.178
 149.002
 161.154
 150.752
 150.369
 153.005
 144.558
 142.164
 141.279
 154.010
 156.127
 178.304
 154.268
 145.500
 115.644
 133.971
 158.170
 177.443
 166.762
 142.595
 125.718
 133.311
 159.995
 166.982
 173.109
 154.294
 142.435
 135.763
 143.847
 149.344
 165.753
 158.009
 147.140
 143.768
 152.218
 148.054
 153.551
 147.916
 160.158
 149.282
 155.053
 137.842
 153.288
 147.273
 163.561
 150.730
 147.446
 128.345
 132.629
 149.924
 178.542
 166.024
 141.555
 129.063
 143.428
 147.132
 177.056
 142.498
 144.911
 115.821
 156.440
 156.481
 195.644
 158.111
 144.319
 102.494
 144.183
 155.443
 179.902
 142.210
 139.585
 125.290
 147.776
 159.439
 171.479
 148.822
 147.523
 136.856
 144.632
 161.568
 158.958
 146.362
 146.072
 158.382
 153.355
 146.533
 149.516
 160.061
 151.032
 160.409
 147.664
 162.061
 146.087
 155.558
 138.837
 168.174
 149.047
 155.467
 144.059
 161.814
 153.477
 162.344
 152.322
 155.817
 149.304
 147.911
 159.864
 138.683
 142.827
 140.409
 143.798
 156.541
 159.434
 158.109
 141.171
 139.935
 132.706
 166.165
 160.533
 164.445
 141.378
 133.824
 119.481
 153.168
 156.831
 173.824
 147.585
 141.856
 125.264
 147.160
 171.328
 171.459
 159.943
 143.485
 139.798
 134.683
 153.958
 149.421
 170.007
 159.335
 164.078
 142.534
 131.796
 143.333
 165.137
 167.871
 158.638
 131.596
 123.816
 134.783
 159.585
 158.542
 181.436
 164.654
 148.479
 112.490
 135.550
 153.032
 187.587
 169.604
 158.747
 114.851
 132.225
 151.492
 191.343
 160.826
 151.972
 132.789
 136.118
 151.009
 167.672
 167.256
 160.845
 135.355
 116.273
 140.711
 159.298
 190.028
 167.530
 158.535
 112.760
 134.934
 140.925
 175.015
 163.490
 157.792
 128.131
 142.715
 150.672
 161.772
 159.509
 146.294
 134.717
 137.156
 149.240
 166.374
 171.686
 160.274
 133.692
 129.187
 127.046
 159.665
 169.368
 152.486
 135.399
 133.463
 144.590
 158.890
 176.243
 174.014
 140.970
 113.837
 118.349
 162.301
 181.446
 186.517
 143.526
 120.887
 106.901
 148.058
 157.108
 174.957
 167.957
 163.947
 133.013
 138.287
 144.141
 155.088
 156.661
 147.907
 138.823
 133.716
 143.902
 167.501
 176.342
 155.932
 144.148
 127.843
 136.109
 141.347
 158.149
 156.398
 149.391
 141.258
 149.157
 154.748
 165.000
 156.926
 156.721
 145.707
 150.316
 130.469
 145.773
 148.760
 168.319
 149.968
 166.630
 140.760
 145.357
 126.777
 141.358
 151.927
 166.796
 162.294
 144.567
 151.684
 141.315
 155.244
 145.044
 149.120
 138.569
 135.675
 138.480
 168.022
 174.956
 173.925
 138.174
 127.728
 124.803
 168.813
 175.248
 180.709
 146.375
 124.776
 125.399
 132.344
 164.337
 188.937
 179.554
 143.576
 119.368
 128.830
 147.218
 168.846
 167.668
 162.568
 146.682
 144.850
 136.288
 144.525
 148.344
 153.083
 159.723
 157.970
 142.469
 146.698
 149.259
 159.155
 163.216
 158.372
 148.726
 139.126
 154.043
 160.006
 155.640
 136.125
 144.350
 155.622
 165.016
 156.161
 127.733
 128.535
 141.833
 157.275
 166.438
 148.980
 140.042
 129.953
 152.240
 147.308
 167.772
 145.772
 153.008
 130.023
 149.114
 147.849
 163.390
 151.558
 148.498
 150.384
 138.125
 154.911
 164.542
 154.169
 154.047
 134.566
 147.036
 164.377
 163.182
 145.233
 143.054
 139.233
 156.958
 152.736
 161.844
 154.263
 143.584
 159.935
 150.722
 159.067
 149.535
 155.650
 148.467
 142.295
 134.591
 146.730
 162.648
 163.843
 161.076
 143.601
 131.139
 141.933
 164.870
 167.613
 164.918
 132.021
 134.837
 135.369
 168.192
 175.108
 165.227
 137.076
 113.234
 130.663
 152.927
 187.996
 164.638
 143.367
 126.420
 135.540
 154.465
 172.097
 152.131
 154.830
 128.311
 138.143
 139.182
 164.397
 159.539
 146.823
 143.581
 146.662
 150.090
 156.799
 160.409
 156.782
 153.373
 151.825
 157.175
 154.477
 144.624
 132.353
 143.895
 146.517
 168.607
 173.662
 171.167
 140.312
 144.723
 124.837
 157.910
 168.158
 166.964
 155.111
 119.112
 134.317
 144.713
 170.472
 167.772
 157.357
 122.050
 125.530
 138.914
 178.938
 166.782
 160.812
 135.182
 133.780
 147.131
 163.216
 160.895
 149.811
 142.275
 135.353
 158.234
 161.580
 165.341
 144.166
 135.136
 123.470
 146.215
 165.694
 159.107
 155.445
 146.109
 128.287
 131.989
 152.862
 172.712
 161.868
 132.538
 138.266
 130.958
 150.501
 153.698
 157.975
 161.358
 141.271
 141.173
 139.531
 163.796
 175.481
 159.597
 143.456
 135.238
 145.635
 155.682
 166.143
 163.156
 155.709
 123.588
 116.363
 132.862
 176.287
 180.634
 167.617
 147.019
 125.234
 131.466
 163.472
 162.663
 181.864
 161.491
 137.784
 132.396
 131.707
 154.879
 164.426
 168.219
 138.684
 118.932
 137.025
 156.020
 173.929
 168.836
 154.151
 139.852
 128.330
 158.456
 177.053
 171.457
 140.189
 121.663
 131.770
 139.655
 185.161
 165.175
 158.747
 115.769
 128.517
 141.002
 182.275
 176.651
 174.377
 126.326
 124.844
 122.104
 159.914
 183.302
 184.596
 143.564
 134.759
 115.607
 146.550
 165.505
 180.974
 153.089
 147.568
 120.286
 125.460
 151.353
 184.577
 176.592
 151.259
 138.193
 111.705
 147.171
 168.887
 183.410
 152.787
 142.018
 138.034
 151.178
 153.082
 161.781
 143.000
 149.626
 144.207
 150.525
 155.305
 147.387
 168.526
 155.264
 159.570
 131.568
 155.072
 139.550
 149.477
 145.624
 149.328
 144.393
 135.697
 156.296
 152.220
 149.897
 154.381
 147.083
 152.467
 158.582
 151.704
 145.604
 144.647
 160.700
 157.340
 168.492
 143.079
 135.198
 132.527
 145.857
 160.330
 163.053
 159.887
 132.844
 136.985
 127.916
 155.353
 158.637
 171.719
 162.273
 149.946
 121.528
 144.474
 150.393
 169.584
 164.770
 159.234
 132.594
 137.568
 138.900
 164.635
 151.874
 156.390
 135.094
 136.776
 138.640
 149.901
 166.136
 162.177
 164.185
 136.764
 138.240
 147.135
 158.948
 155.620
 164.889
 154.645
 134.596
 131.813
 128.502
 149.951
 163.737
 175.196
 165.338
 158.211
 132.077
 137.097
 135.663
 162.744
 148.602
 172.038
 134.485
 145.281
 126.776
 156.297
 150.814
 170.163
 147.591
 155.369
 138.916
 156.003
 139.100
 161.634
 151.501
 165.820
 146.968
 144.274
 140.236
 147.032
 156.078
 155.305
 164.093
 157.926
 152.218
 148.544
 140.896
 159.118
 148.574
 169.280
 144.485
 149.782
 149.614
 149.252
 143.870
 140.740
 152.256
 152.506
 151.435
 156.254
 139.867
 146.901
 152.400
 149.289
 159.654
 161.352
 146.439
 143.913
 139.583
 156.784
 152.166
 153.998
 152.632
 132.463
 150.981
 143.293
 168.818
 139.934
 158.910
 150.722
 150.047
 140.046
 158.564
 163.399
 154.288
 140.545
 139.540
 139.214
 148.857
 162.279
 162.646
 165.303
 144.441
 138.771
 141.563
 162.098
 155.405
 151.202
 135.632
 127.332
 135.387
 150.170
 164.054
 155.080
 157.534
 141.795
 139.952
 144.399
 155.126
 164.211
 153.826
 154.464
 135.803
 161.086
 155.439
 170.482
 137.828
 130.292
 133.856
 154.373
 172.982
 178.056
 149.747
 142.744
 114.464
 136.729
 156.858
 178.976
 166.987
 155.296
 121.533
 131.608
 132.280
 170.920
 164.981
 158.442
 127.097
 128.551
 144.847
 169.667
 155.982
 163.406
 136.052
 150.185
 141.414
 150.885
 148.938
 158.287
 143.447
 156.862
 155.034
 149.442
 126.385
 145.039
 156.007
 157.713
 146.963
 139.455
 138.516
 137.160
 155.997
 154.020
 157.306
 151.794
 157.033
 152.241
 144.588
 150.293
 135.767
 162.286
 148.753
 174.188
 143.172
 148.288
 125.054
 141.094
 158.514
 172.999
 152.053
 135.059
 137.697
 149.961
 154.172
 152.934
 155.208
 132.249
 156.510
 146.622
 174.501
 142.419
 159.091
 119.790
 161.192
 145.167
 169.631
 132.549
 153.529
 126.960
 162.197
 145.390
 173.146
 142.122
 144.761
 125.840
 153.931
 146.964
 175.334
 154.474
 160.246
 127.359
 138.811
 140.472
 164.841
 153.716
 162.605
 145.870
 132.395
 127.626
 138.355
 167.015
 175.406
 156.681
 131.443
 121.601
 151.285
 159.502
 173.091
 148.830
 152.938
 136.864
 136.205
 135.685
 155.260
 154.822
 177.449
 157.749
 149.208
 142.073
 134.250
 143.770
 140.010
 149.975
 141.763
 151.451
 156.746
 171.237
 160.126
 146.852
 132.385
 156.202
 167.287
 162.106
 146.979
 141.830
 134.643
 154.708
 154.898
 174.265
 168.747
 153.377
 146.629
 142.540
 129.905
 143.437
 159.366
 174.639
 159.587
 150.976
 129.738
 122.068
 147.368
 170.383
 184.500
 163.528
 148.997
 115.911
 137.891
 149.057
 170.671
 159.417
 147.696
 136.474
 137.245
 162.765
 178.141
 154.562
 134.932
 111.807
 143.768
 168.536
 195.274
 175.355
 132.904
 116.089
 120.707
 161.310
 166.290
 162.189
 133.091
 133.312
 136.929
 165.029
 179.065
 167.568
 141.799
 119.575
 142.509
 154.962
 173.647
 153.651
 147.368
 137.375
 143.007
 156.499
 162.366
 151.520
 147.693
 128.542
 149.076
 157.106
 166.755
 152.004
 136.612
 130.587
 148.563
 147.270
 165.624
 146.643
 162.817
 138.771
 148.323
 138.781
 158.728
 145.690
 147.323
 144.462
 142.629
 153.923
 165.500
 169.657
 144.491
 130.687
 130.475
 161.666
 166.582
 168.721
 132.665
 137.615
 142.408
 161.538
 166.530
 177.010
 154.146
 126.900
 125.164
 140.338
 163.121
 154.397
 164.414
 143.321
 155.543
 131.179
 160.637
 144.563
 157.214
 138.375
 152.471
 139.268
 156.478
 139.171
 151.008
 140.447
 158.069
 146.376
 170.852
 157.323
 167.163
 142.191
 131.062
 140.459
 156.843
 177.179
 164.409
 146.247
 131.774
 132.021
 151.380
 174.278
 161.967
 161.264
 142.499
 131.958
 152.252
 156.402
 165.537
 143.036
 145.295
 141.001
 160.340
 153.164
 162.103
 142.403
 138.175
 138.195
 166.797
 172.586
 164.507
 142.214
 116.335
 138.299
 154.219
 174.153
 157.262
 147.954
 133.640
 150.429
 171.431
 168.746
 147.141
 131.406
 131.484
 147.706
 159.979
 175.400
 156.398
 141.332
 126.145
 129.121
 161.495
 170.165
 167.880
 146.794
 129.641
 132.902
 144.324
 170.847
 170.389
 157.773
 150.355
 139.691
 134.758
 140.218
 159.404
 159.321
 161.971
 141.284
 159.597
 150.777
 163.722
 141.746
 151.747
 141.335
 160.754
 153.986
 159.108
 136.495
 148.085
 153.588
 166.112
 159.984
 157.227
 143.063
 146.284
 149.208
 156.416
 151.326
 141.933
 129.214
 137.328
 161.934
 171.919
 153.620
 155.567
 121.169
 133.745
 153.407
 179.042
 164.121
 156.984
 131.504
 128.512
 145.059
 164.679
 161.604
 168.361
 152.488
 153.053
 134.825
 160.165
 143.652
 175.358
 136.416
 141.872
 137.275
 162.929
 152.214
 143.305
 131.919
 147.270
 146.201
 172.054
 144.099
 161.663
 144.346
 147.607
 125.767
 143.849
 138.581
 165.906
 148.029
 146.116
 140.888
 148.572
 152.404
 156.921
 141.913
 128.338
 147.005
 137.416
 161.927
 157.899
 157.239
 139.410
 145.222
 139.573
 159.246
 150.019
 159.289
 137.140
 141.051
 146.572
 144.227
 144.897
 171.316
 157.525
 159.910
 146.733
 134.755
 127.140
 151.820
 159.181
 171.795
 150.798
 140.335
 128.267
 148.820
 170.791
 167.765
 170.002
 141.602
 126.496
 123.277
 148.705
 163.136
 175.999
 159.081
 154.890
 140.208
 155.269
 152.683
 162.934
 151.675
 163.042
 140.839
 157.520
 137.867
 168.698
 142.090
 166.844
 127.930
 157.319
 136.932
 158.280
 127.632
 159.617
 146.055
 163.584
 133.849
 150.099
 133.840
 173.045
 159.577
 168.426
 134.671
 147.650
 147.727
 173.048
 156.991
 147.814
 144.155
 144.757
 154.317
 151.758
 164.316
 139.165
 151.727
 145.245
 153.607
 143.182
 153.798
 147.664
 157.770
 135.841
 135.865
 155.276
 162.155
 169.952
 152.880
 140.594
 120.238
 139.726
 138.318
 176.279
 156.892
 164.395
 130.655
 139.621
 128.534
 163.176
 167.963
 179.810
 128.772
 129.840
 125.634
 162.248
 160.633
 183.998
 145.870
 141.988
 125.690
 137.451
 141.773
 168.643
 150.774
 165.917
 139.546
 153.761
 138.694
 147.787
 138.063
 158.826
 149.587
 167.547
 149.206
 154.475
 139.129
 153.253
 157.138
 172.443
 137.421
 143.987
 134.790
 163.279
 152.654
 174.086
 129.915
 146.407
 121.085
 157.322
 146.674
 163.787
 140.637
 142.377
 130.780
 165.869
 168.641
 169.717
 152.074
 133.626
 121.401
 150.125
 159.670
 167.963
 153.170
 145.197
 140.860
 155.691
 151.250
 159.574
 151.544
 159.031
 151.484
 150.513
 144.989
 156.149
 143.743
 159.133
 147.965
 165.200
 137.901
 136.165
 133.183
 154.307
 161.403
 175.474
 140.014
 138.271
 125.774
 167.326
 165.474
 164.520
 135.251
 146.539
 132.536
 148.782
 147.262
 170.299
 159.045
 162.543
 132.584
 144.579
 134.832
 149.480
 141.404
 161.655
 151.526
 148.674
 135.745
 139.693
 140.997
 173.591
 157.338
 155.459
 123.696
 146.705
 152.832
 156.780
 159.565
 145.264
 132.981
 137.392
 147.237
 161.840
 155.750
 169.892
 143.335
 143.344
 128.035
 147.890
 159.329
 158.505
 140.337
 136.684
 134.304
 159.383
 163.377
 159.632
 151.730
 153.465
 138.289
 140.390
 151.223
 168.247
 158.321
 163.513
 144.062
 152.742
 143.005
 165.863
 150.572
 163.067
 142.618
 145.302
 136.823
 146.614
 157.079
 145.677
 152.451
 137.113
 156.172
 144.274
 162.853
 141.053
 158.905
 130.155
 149.311
 131.609
 164.512
 158.924
 156.091
 135.674
 136.278
 129.577
 158.601
 152.436
 167.347
 155.428
 146.762
 141.397
 155.950
 150.367
 173.043
 157.854
 153.208
 124.539
 140.061
 164.862
 187.136
 157.403
 146.248
 124.438
 126.565
 153.708
 168.700
 164.177
 156.515
 124.004
 150.287
 133.059
 168.927
 152.353
 148.470
 133.568
 147.372
 157.768
 151.698
 158.292
 123.769
 140.295
 142.021
 164.610
 164.843
 166.814
 131.440
 126.898
 149.395
 176.055
 188.814
 168.674
 121.558
 113.205
 128.851
 168.480
 192.248
 172.223
 121.362
 125.941
 128.952
 163.921
 172.940
 159.261
 142.704
 128.865
 127.391
 142.939
 153.164
 161.040
 150.070
 157.041
 144.998
 155.164
 137.378
 141.789
 151.583
 165.385
 168.191
 159.587
 146.659
 130.336
 140.505
 139.035
 153.964
 156.206
 171.940
 152.165
 143.033
 119.505
 128.848
 163.931
 165.020
 173.373
 144.431
 132.318
 125.669
 151.986
 173.976
 177.977
 161.417
 126.219
 130.496
 128.746
 166.555
 177.974
 181.768
 141.671
 119.702
 120.952
 142.729
 179.054
 175.321
 155.766
 127.101
 121.213
 133.100
 176.381
 191.730
 166.968
 139.843
 124.358
 122.163
 152.197
 182.221
 177.853
 151.784
 112.799
 109.119
 144.342
 168.769
 208.119
 157.695
 129.780
  83.880
 128.063
 157.968
 209.713
 176.866
 165.690
 112.681
 125.024
 137.505
 174.639
 180.145
 178.647
 129.615
 129.258
 108.803
 157.235
 163.863
 196.683
 151.398
 140.477
  92.455
 147.875
 168.472
 195.172
 157.426
 138.784
 109.803
 141.926
 163.950
 186.948
 162.736
 138.650
 113.132
 130.526
 155.275
 190.166
 180.895
 156.264
 127.755
 115.598
 137.122
 158.691
 163.039
 158.634
 137.891
 124.726
 125.248
 152.890
 171.206
 163.964
 159.026
 139.728
 144.675
 131.689
 148.929
 153.385
 160.920
 153.389
 155.882
 141.491
 144.915
 140.144
 144.331
 158.939
 163.577
 153.241
 153.616
 149.405
 145.760
 132.643
 159.256
 152.024
 163.446
 150.704
 131.247
 144.186
 153.233
 176.752
 163.925
 148.835
 130.435
 139.806
 156.063
 173.752
 179.622
 155.090
 122.572
 123.905
 133.637
 164.335
 177.712
 181.241
 154.742
 121.678
 136.005
 137.614
 165.624
 175.366
 176.110
 136.702
 113.761
 117.752
 153.074
 181.251
 190.311
 145.406
 126.611
 107.626
 125.767
 168.490
 177.405
 173.373
 148.931
 130.560
 144.333
 148.931
 171.130
 166.383
 167.610
 128.982
 129.216
 152.285
 167.103
 172.682
 161.801
 129.413
 124.109
 138.774
 160.517
 166.605
 173.419
 152.007
 139.351
 113.355
 145.610
 149.692
 181.984
 160.218
 149.718
 105.182
 141.828
 146.391
 188.920
 172.674
 165.548
 112.852
 131.647
 125.834
 181.378
 169.097
 167.126
 132.969
 125.240
 142.423
 173.063
 182.157
 156.251
 142.274
 120.147
 147.427
 143.233
 177.171
 142.909
 155.555
 127.444
 169.866
 136.083
 168.328
 138.834
 161.179
 123.745
 145.437
 142.648
 179.456
 158.257
 160.704
 133.066
 156.480
 145.223
 146.062
 137.649
 168.023
 149.598
 152.074
 130.716
 141.251
 142.942
 172.892
 151.165
 161.551
 130.195
 149.188
 141.506
 160.896
 140.949
 156.271
 154.834
 141.031
 153.561
 155.137
 153.233
 142.738
 146.340
 147.180
 151.287
 163.250
 156.359
 163.024
 144.364
 153.611
 147.562
 146.145
 165.158
 154.389
 161.794
 145.472
 155.946
 145.697
 146.194
 154.850
 165.272
 146.615
 142.762
 136.195
 153.723
 149.309
 157.237
 150.832
 163.967
 145.758
 144.720
 141.791
 142.223
 153.093
 157.259
 155.174
 153.800
 135.569
 148.398
 132.539
 151.785
 159.927
 173.697
 155.408
 151.875
 128.466
 133.258
 150.085
 181.771
 177.078
 159.124
 139.579
 123.598
 134.485
 159.448
 168.264
 179.110
 154.163
 141.936
 140.154
 131.793
 147.638
 152.396
 162.380
 136.903
 150.273
 138.575
 141.430
 151.435
 153.029
 155.191
 163.166
 129.213
 138.730
 145.245
 184.774
 154.725
 172.043
 119.450
 121.591
 138.142
 172.483
 180.684
 173.642
 152.305
 110.317
 119.330
 138.834
 172.079
 171.430
 165.770
 140.161
 122.213
 125.386
 166.773
 170.484
 185.039
 147.604
 122.373
 121.318
 151.087
 170.668
 161.731
 136.064
 123.865
 142.543
 174.019
 179.998
 168.750
 131.204
 116.563
 123.892
 151.922
 192.601
 180.036
 157.894
 125.059
 114.445
 132.660
 174.122
 193.225
 170.052
 129.359
 117.110
 139.105
 170.390
 170.641
 147.069
 133.683
 124.135
 135.641
 170.513
 162.102
 180.182
 133.578
 137.569
 127.909
 174.207
 160.455
 170.761
 152.440
 137.404
 139.731
 154.398
 167.207
 158.701
 135.343
 127.884
 142.090
 156.345
 169.851
 163.902
 140.806
 136.295
 135.609
 159.887
 155.779
 163.706
 142.730
 149.639
 141.852
 170.403
 165.580
 157.931
 125.038
 139.384
 136.921
 170.277
 147.878
 157.250
 136.072
 145.427
 148.196
 162.406
 145.475
 149.289
 124.875
 159.542
 144.579
 163.056
 145.030
 165.083
 141.635
 151.213
 156.732
 155.515
 143.250
 163.917
 158.427
 164.684
 126.626
 146.524
 120.879
 156.114
 162.917
 177.115
 158.916
 138.194
 125.892
 139.487
 168.289
 177.179
 161.051
 145.480
 123.316
 137.445
 143.974
 162.338
 169.329
 163.409
 143.472
 143.195
 135.770
 140.156
 143.298
 142.874
 158.992
 156.454
 148.541
 142.020
 140.905
 138.295
 168.592
 163.959
 174.941
 154.081
 130.304
 124.148
 143.077
 159.889
 176.019
 170.426
 139.217
 123.859
 122.424
 143.463
 174.419
 162.658
 167.275
 119.980
 135.387
 139.160
 157.754
 157.752
 160.035
 151.580
 133.589
 138.227
 160.274
 171.277
 160.674
 130.503
 130.310
 134.836
 166.549
 164.551
 175.318
 143.882
 143.120
 125.210
 133.305
 161.272
 165.346
 179.117
 155.127
 146.275
 122.305
 137.337
 160.114
 169.196
 158.528
 146.479
 141.028
 141.817
 152.935
 162.259
 159.687
 146.832
 151.765
 150.571
 152.676
 139.590
 143.954
 144.152
 162.795
 153.053
 153.610
 132.240
 142.442
 156.599
 155.730
 164.806
 148.699
 138.023
 129.149
 145.050
 150.684
 172.189
 152.814
 156.457
 116.105
 149.971
 152.455
 167.960
 147.237
 149.962
 148.028
 161.900
 157.701
 139.011
 136.837
 141.938
 148.990
 144.476
 146.894
 144.896
 164.976
 162.913
 156.437
 145.708
 154.118
 147.459
 143.476
 139.094
 149.134
 149.427
 163.320
 156.515
 149.406
 145.993
 141.773
 144.514
 157.216
 150.334
 143.045
 140.230
 156.128
 141.568
 165.892
 161.038
 161.712
 150.935
 151.140
 157.407
 143.035
 144.186
 143.954
 148.462
 161.630
 163.340
 165.919
 150.919
 144.189
 122.771
 150.220
 149.466
 183.735
 156.313
 143.535
 119.113
 149.218
 141.671
 166.406
 154.757
 166.629
 140.468
 142.834
 125.521
 140.318
 154.934
 182.051
 165.115
 151.763
 116.844
 121.676
 149.095
 179.338
 171.926
 135.191
 119.341
 120.104
 149.046
 172.372
 168.838
 154.594
 134.831
 136.943
 154.483
 166.302
 166.872
 143.106
 114.008
 139.519
 173.237
 187.757
 159.656
 128.373
 104.347
 143.896
 160.054
 194.659
 165.210
 151.899
 117.446
 138.815
 136.971
 176.274
 154.122
 165.901
 126.870
 136.614
 133.593
 165.595
 159.566
 166.923
 134.770
 146.283
 139.018
 160.843
 156.995
 160.045
 155.419
 142.052
 131.651
 133.134
 156.573
 157.867
 172.520
 158.705
 147.536
 140.889
 137.246
 146.773
 147.996
 162.492
 167.886
 146.921
 136.551
 129.162
 150.548
 172.147
 166.872
 154.805
 130.324
 124.942
 147.981
 165.827
 174.514
 156.782
 152.796
 141.906
 144.980
 136.276
 165.657
 154.532
 163.765
 127.488
 131.738
 130.577
 152.189
 161.560
 164.373
 160.451
 143.854
 129.788
 135.886
 160.803
 165.616
 162.204
 150.826
 144.002
 142.387
 144.601
 157.608
 149.868
 145.164
 132.065
 138.004
 156.244
 163.345
 167.015
 145.095
 126.137
 141.922
 145.334
 165.716
 153.181
 162.132
 134.331
 148.644
 136.163
 164.487
 159.329
 166.269
 138.010
 152.707
 137.530
 156.657
 150.671
 163.952
 150.563
 137.909
 141.539
 133.663
 161.023
 161.464
 169.381
 141.247
 144.485
 128.011
 150.661
 147.260
 164.349
 169.342
 171.979
 143.958
 136.489
 126.248
 153.954
 176.810
 185.964
 149.656
 141.790
 127.570
 133.249
 158.703
 172.195
 167.002
 138.117
 132.352
 124.767
 149.384
 151.097
 178.760
 165.281
 158.154
 117.561
 131.555
 137.319
 182.188
 179.312
 167.391
 129.186
 137.821
 132.811
 173.067
 166.663
 161.877
 134.949
 123.154
 136.110
 156.136
 165.734
 161.205
 160.871
 140.678
 127.852
 146.737
 153.433
 169.949
 169.292
 155.162
 126.112
 127.276
 153.535
 163.231
 180.229
 150.085
 133.308
 119.387
 139.376
 159.059
 171.488
 163.301
 131.621
 122.901
 135.350
 158.657
 176.279
 168.987
 157.196
 124.938
 143.925
 155.386
 165.165
 143.415
 156.006
 149.980
 166.945
 147.236
 147.667
 141.431
 152.315
 155.392
 142.686
 128.607
 143.227
 159.738
 165.466
 160.508
 134.129
 126.461
 124.171
 167.089
 164.410
 173.408
 144.865
 131.279
 131.971
 151.710
 158.107
 164.691
 155.700
 142.435
 144.172
 153.332
 156.769
 160.478
 151.286
 135.950
 129.732
 137.434
 153.732
 158.503
 158.754
 160.421
 149.251
 143.629
 141.330
 138.936
 156.035
 163.372
 166.755
 144.363
 134.634
 120.248
 142.482
 176.284
 166.201
 160.799
 141.390
 146.752
 138.404
 153.840
 151.387
 175.579
 157.052
 167.029
 128.103
 137.075
 144.996
 166.604
 163.867
 151.665
 136.264
 142.826
 155.048
 165.752
 149.816
 139.280
 138.489
 143.526
 162.895
 170.701
 156.315
 139.401
 126.754
 128.943
 162.782
 166.542
 173.686
 158.552
 146.273
 138.721
 135.882
 165.075
 174.724
 153.663
 143.754
 125.929
 147.673
 150.926
 159.762
 144.023
 147.956
 131.639
 138.109
 145.987
 166.574
 168.376
 160.287
 139.850
 139.753
 137.772
 149.624
 142.599
 154.304
 154.958
 155.047
 149.728
 143.764
 153.340
 165.837
 153.564
 144.768
 124.116
 149.093
 156.594
 175.374
 157.807
 159.117
 134.073
 131.105
 137.537
 165.308
 165.151
 151.161
 132.288
 141.264
 133.444
 154.725
 166.003
 161.603
 158.951
 149.127
 136.357
 145.144
 152.195
 154.405
 139.750
 134.752
 158.758
 162.328
 169.969
 153.029
 143.094
 143.068
 139.897
 150.265
 164.973
 161.168
 143.280
 149.624
 141.338
 155.645
 146.693
 172.554
 150.463
 153.770
 141.688
 146.354
 133.685
 159.304
 152.030
 157.448
 154.518
 138.890
 136.402
 149.728
 154.772
 155.160
 158.704
 148.738
 147.247
 144.380
 140.088
 156.888
 158.971
 144.767
 144.653
 144.933
 161.867
 152.610
 159.050
 138.925
 142.087
 152.434
 171.633
 171.231
 143.825
 140.595
 134.866
 152.292
 157.216
 170.512
 155.871
 141.479
 125.803
 131.868
 145.117
 165.082
 185.258
 149.079
 148.584
 119.745
 147.053
 163.580
 171.764
 166.655
 142.217
 143.181
 128.327
 147.017
 166.252
 171.773
 162.090
 147.225
 132.337
 139.320
 153.743
 158.948
 145.166
 149.703
 129.757
 141.165
 152.805
 161.504
 152.269
 152.720
 143.807
 144.866
 146.659
 147.620
 157.975
 160.214
 150.486
 141.237
 136.311
 135.584
 158.170
 146.429
 152.504
 130.417
 146.447
 133.885
 152.342
 155.798
 163.433
 143.037
 135.760
 136.768
 149.361
 155.861
 167.861
 143.249
 127.057
 130.781
 152.592
 170.254
 161.064
 149.920
 137.051
 149.904
 142.318
 155.442
 152.756
 150.221
 155.667
 145.683
 143.939
 124.849
 149.263
 160.440
 168.306
 154.608
 132.743
 128.763
 130.721
 154.534
 179.837
 186.138
 158.464
 134.265
 124.734
 134.324
 166.723
 170.170
 167.391
 151.016
 141.333
 122.858
 151.440
 160.457
 161.770
 142.256
 128.891
 145.269
 141.761
 176.519
 148.212
 160.231
 125.177
 144.189
 143.255
 163.571
 154.018
 156.646
 143.311
 147.271
 149.888
 150.357
 166.798
 151.418
 156.282
 143.012
 131.501
 151.421
 173.114
 177.443
 169.619
 130.034
 123.881
 135.040
 154.471
 170.073
 154.125
 145.654
 125.865
 151.218
 144.963
 162.209
 149.201
 161.884
 145.481
 158.066
 136.319
 146.452
 150.971
 167.699
 149.375
 155.815
 144.362
 139.790
 144.716
 149.596
 153.653
 168.951
 156.776
 139.389
 120.375
 132.122
 158.654
 169.459
 164.799
 138.210
 128.667
 138.914
 143.438
 168.483
 171.252
 166.356
 152.204
 149.494
 137.513
 160.123
 140.582
 160.857
 141.226
 157.943
 130.258
 144.774
 134.884
 163.122
 150.153
 166.656
 161.019
 136.456
 138.297
 143.123
 160.592
 164.867
 147.497
 160.368
 137.803
 144.268
 120.506
 158.927
 142.283
 168.426
 153.697
 157.184
 154.423
 133.849
 153.022
 141.614
 161.279
 155.015
 155.195
 149.013
 146.613
 137.015
 163.411
 167.383
 178.696
 148.434
 130.982
 120.849
 143.814
 162.800
 171.265
 161.163
 139.570
 115.672
 126.050
 142.001
 172.991
 182.443
 158.397
 135.869
 104.762
 141.331
 156.031
 193.694
 172.758
 158.939
 125.876
 131.527
 134.486
 164.783
 170.684
 168.976
 134.436
 137.133
 137.136
 153.368
 162.531
 146.281
 148.297
 132.849
 156.803
 167.280
 159.584
 147.318
 146.270
 145.461
 159.711
 151.606
 153.535
 162.147
 158.921
 142.132
 128.664
 133.645
 163.485
 172.097
 163.181
 145.813
 132.307
 136.348
 161.355
 166.379
 151.281
 154.528
 133.147
 154.014
 145.740
 155.034
 149.875
 150.035
 145.545
 143.108
 151.677
 153.624
 165.268
 145.122
 159.885
 148.124
 149.831
 133.927
 157.969
 155.144
 176.663
 162.445
 142.424
 113.192
 126.489
 150.097
 187.956
 166.469
 161.218
 130.487
 138.221
 132.834
 171.976
 166.398
 166.840
 140.120
 147.681
 134.490
 146.686
 167.075
 158.801
 167.682
 155.444
 140.612
 121.294
 133.535
 159.487
 163.917
 154.500
 148.376
 145.747
 141.653
 155.369
 159.857
 170.345
 146.626
 142.136
 124.118
 146.796
 159.443
 173.213
 149.908
 140.917
 120.716
 129.246
 149.585
 176.652
 180.461
 165.286
 131.878
 114.405
 117.441
 162.630
 184.132
 190.160
 139.777
 127.700
 114.913
 151.536
 151.737
 182.001
 140.640
 161.882
 125.603
 151.484
 136.001
 159.127
 159.384
 163.906
 153.028
 149.770
 127.951
 130.254
 142.036
 167.923
 171.119
 161.142
 129.665
 117.637
 138.713
 156.918
 181.746
 181.975
 145.067
 127.228
 125.875
 144.689
 167.173
 187.969
 151.571
 124.574
 105.664
 144.311
 172.184
 188.827
 167.526
 133.995
 126.787
 121.897
 160.361
 180.898
 181.553
 160.436
 121.538
 116.082
 128.267
 151.726
 172.822
 175.589
 156.342
 137.717
 127.968
 145.935
 168.905
 166.117
 162.559
 138.200
 150.639
 137.330
 167.524
 142.967
 162.743
 126.594
 163.863
 151.914
 166.965
 144.990
 158.223
 145.740
 150.908
 145.949
 142.678
 141.201
 163.180
 155.459
 147.413
 142.924
 140.553
 147.911
 154.587
 160.993
 144.615
 142.184
 141.112
 145.053
 162.847
 166.566
 167.390
 149.112
 135.067
 118.763
 151.339
 164.869
 174.818
 153.043
 140.682
 117.487
 138.173
 143.650
 168.117
 161.224
 162.920
 143.126
 143.958
 139.650
 146.068
 151.181
 145.570
 147.500
 154.959
 156.843
 166.282
 146.299
 157.926
 145.624
 139.184
 146.357
 159.410
 152.721
 162.199
 150.908
 145.441
 140.395
 127.761
 160.383
 163.458
 169.822
 139.407
 127.414
 125.840
 150.314
 161.716
 181.411
 169.644
 148.339
 108.175
 121.787
 155.768
 195.141
 177.255
 153.252
 119.264
 121.599
 140.379
 160.436
 176.644
 154.078
 138.102
 142.623
 152.868
 146.195
 159.286
 144.684
 158.202
 165.176
 150.399
 148.155
 135.992
 144.964
 153.652
 163.443
 149.545
 141.850
 126.917
 135.694
 167.625
 180.198
 171.666
 135.101
 119.453
 136.459
 154.118
 186.284
 168.230
 145.367
 132.695
 134.251
 137.812
 166.497
 160.849
 152.980
 149.873
 148.380
 144.910
 158.673
 150.483
 150.892
 141.800
 153.378
 160.815
 148.860
 136.732
 143.382
 154.778
 163.782
 150.006
 142.457
 141.050
 151.330
 154.827
 151.604
 158.131
 150.056
 142.039
 147.749
 155.792
 160.433
 164.705
 143.787
 137.670
 122.812
 165.273
 166.838
 169.931
 132.406
 144.823
 131.505
 152.317
 152.023
 167.501
 150.470
 157.136
 131.426
 150.683
 160.123
 162.251
 155.920
 161.521
 142.202
 134.997
 138.795
 154.676
 171.444
 163.560
 167.910
 132.580
 130.421
 111.596
 167.423
 157.133
 177.802
 140.529
 144.281
 115.218
 135.950
 156.406
 177.254
 162.062
 151.722
 130.323
 124.975
 143.258
 148.598
 166.328
 158.485
 151.099
 139.005
 137.234
 152.208
 159.275
 156.311
 145.124
 143.243
 157.488
 154.496
 160.604
 148.812
 150.394
 144.927
 146.733
 144.461
 136.344
 148.138
 173.175
 166.467
 155.611
 127.158
 130.743
 140.893
 159.185
 178.149
 153.882
 154.696
 117.740
 146.692
 156.021
 182.565
 156.064
 163.453
 133.797
 157.915
 127.726
 150.409
 158.452
 163.990
 151.765
 145.825
 122.644
 151.686
 152.068
 178.629
 162.524
 160.801
 122.491
 127.851
 137.635
 177.365
 183.277
 181.444
 140.413
 125.855
 126.373
 149.947
 178.984
 183.743
 162.290
 129.036
 118.376
 128.949
 164.158
 189.327
 155.910
 141.221
 117.923
 138.515
 153.630
 183.113
 180.773
 150.846
 124.173
 123.322
 138.705
 159.302
 176.336
 161.557
 143.117
 134.354
 142.978
 161.216
 157.225
 169.295
 143.506
 145.103
 135.730
 149.963
 162.866
 153.698
 165.133
 140.126
 155.065
 142.794
 150.120
 143.600
 147.583
 138.744
 140.924
 155.673
 153.769
 169.288
 151.114
 154.995
 134.014
 149.106
 149.079
 163.417
 156.080
 156.679
 146.117
 146.591
 135.904
 143.017
 145.827
 155.079
 148.833
 133.748
 143.251
 142.400
 166.649
 143.319
 141.908
 132.382
 158.538
 150.960
 174.912
 154.323
 152.946
 138.911
 128.850
 143.131
 152.991
 166.675
 143.908
 146.637
 130.272
 151.361
 169.800
 173.019
 152.801
 129.197
 131.650
 138.334
 164.818
 166.122
 163.005
 137.959
 119.425
 122.190
 161.927
 176.181
 186.593
 142.609
 120.906
 110.621
 143.342
 182.105
 187.926
 155.972
 130.355
 109.484
 134.115
 148.922
 193.459
 173.736
 155.419
 119.654
 124.660
 138.691
 162.819
 176.077
 175.100
 149.084
 127.568
 137.501
 131.838
 167.248
 163.086
 170.524
 129.648
 123.931
 117.050
 163.136
 168.105
 168.553
 147.052
 132.942
 141.645
 159.020
 158.815
 159.977
 138.089
 135.397
 132.673
 156.331
 151.651
 163.111
 160.799
 157.122
 140.307
 144.293
 146.136
 150.411
 163.266
 155.539
 141.270
 144.601
 150.556
 153.462
 150.622
 149.434
 156.834
 158.254
 138.664
 129.315
 129.421
 159.194
 184.024
 174.824
 142.561
 113.686
 128.689
 145.072
 190.654
 184.124
 171.298
 124.059
 115.509
 118.989
 151.373
 179.404
 182.179
 152.333
 133.886
 120.234
 136.124
 144.801
 152.723
 152.478
 152.747
 144.886
 147.976
 134.927
 145.128
 156.575
 148.873
 156.261
 141.236
 146.330
 130.392
 148.563
 135.107
 151.090
 154.003
 165.537
 155.572
 146.885
 153.859
 139.570
 149.570
 143.027
 146.041
 149.633
 159.610
 153.076
 164.967
 138.832
 144.431
 143.384
 155.869
 144.574
 146.906
 147.491
 164.328
 140.561
 158.757
 136.542
 158.807
 143.289
 161.151
 139.963
 132.932
 127.040
 156.288
 171.055
 169.905
 160.960
 120.875
 137.107
 146.828
 165.646
 163.471
 146.396
 143.209
 148.305
 156.463
 154.905
 150.302
 148.219
 137.828
 153.353
 153.216
 148.436
 163.181
 147.879
 155.279
 145.570
 165.218
 143.959
 154.241
 142.055
 147.921
 140.591
 146.344
 145.519
 158.102
 150.296
 155.681
 143.366
 145.319
 148.051
 145.803
 157.014
 162.619
 152.791
 150.398
 153.505
 130.663
 145.311
 140.776
 169.485
 173.488
 176.375
 146.960
 125.052
 116.149
 146.155
 171.679
 183.665
 166.324
 126.830
 121.947
 132.567
 162.654
 172.236
 168.988
 148.022
 125.723
 121.922
 150.092
 164.879
 174.739
 165.133
 132.989
 128.821
 123.779
 151.298
 165.663
 171.690
 153.856
 132.476
 135.687
 146.494
 174.197
 169.582
 149.269
 129.434
 139.194
 159.974
 182.001
 156.661
 146.437
 136.556
 127.662
 148.637
 158.352
 158.226
 160.364
 144.450
 146.847
 140.069
 158.128
 160.977
 167.779
 155.246
 139.494
 126.335
 150.851
 166.572
 168.711
 166.063
 129.765
 137.510
 133.737
 155.318
 144.975
 162.238
 148.763
 158.294
 151.991
 154.584
 149.298
 150.760
 135.021
 159.248
 157.336
 163.297
 145.961
 151.226
 151.283
 170.494
 155.346
 145.056
 120.125
 140.153
 155.095
 177.880
 165.464
 158.342
 116.124
 135.878
 143.149
 161.259
 171.402
 163.102
 131.868
 129.476
 143.578
 177.044
 178.308
 161.991
 144.032
 129.159
 141.993
 146.527
 171.128
 155.174
 153.000
 138.548
 125.380
 152.133
 161.575
 181.381
 159.551
 144.438
 135.090
 136.037
 143.662
 167.954
 169.923
 151.387
 142.352
 131.397
 149.436
 160.324
 171.173
 160.924
 148.158
 124.452
 135.226
 156.463
 173.092
 163.899
 148.144
 127.302
 143.669
 134.145
 164.360
 150.413
 157.596
 139.895
 144.829
 144.582
 154.547
 151.219
 158.164
 162.739
 137.224
 136.929
 133.083
 171.233
 163.907
 162.541
 136.390
 128.932
 120.487
 163.093
 172.996
 167.297
 130.173
 113.043
 141.052
 152.540
 190.165
 172.111
 144.026
 118.062
 110.086
 145.755
 170.981
 181.152
 153.837
 134.862
 124.697
 150.397
 153.441
 161.586
 146.802
 145.621
 144.990
 156.950
 150.713
 145.892
 137.130
 141.792
 148.598
 168.406
 144.933
 153.728
 141.078
 152.758
 147.483
 169.386
 152.309
 160.174
 143.603
 157.066
 152.086
 147.082
 157.440
 156.729
 158.563
 148.406
 147.241
 132.992
 154.391
 165.938
 175.416
 149.388
 129.158
 136.006
 146.715
 151.024
 170.061
 151.132
 148.104
 144.146
 133.918
 154.719
 163.460
 160.536
 150.345
 140.939
 153.501
 153.021
 163.328
 156.935
 153.067
 139.891
 142.691
 131.795
 165.832
 161.864
 169.419
 143.377
 134.242
 126.807
 154.588
 169.282
 166.947
 156.972
 134.817
 124.692
 122.877
 161.505
 153.601
 177.340
 145.142
 151.074
 126.079
 140.029
 150.052
 174.390
 170.999
 145.384
 125.026
 137.020
 149.950
 169.443
 155.284
 157.708
 144.101
 132.428
 132.067
 148.683
 173.032
 163.829
 150.000
 132.891
 139.540
 138.444
 152.507
 162.606
 158.748
 168.710
 140.750
 144.852
 131.702
 135.340
 150.806
 161.315
 154.963
 151.153
 140.441
 149.354
 155.187
 159.173
 167.036
 160.809
 132.732
 131.162
 132.178
 162.733
 160.830
 164.976
 140.977
 146.469
 136.117
 153.789
 167.630
 162.195
 145.471
 148.128
 130.537
 141.223
 156.395
 161.361
 164.136
 160.333
 130.411
 137.347
 135.309
 155.697
 162.765
 172.700
 161.023
 144.195
 133.592
 135.533
 148.581
 161.224
 168.209
 147.732
 135.558
 138.716
 154.959
 171.196
 164.367
 141.638
 133.763
 135.532
 162.084
 165.991
 157.132
 128.617
 130.175
 133.541
 159.075
 158.814
 168.615
 146.027
 147.192
 149.657
 165.244
 146.803
 147.928
 134.395
 148.239
 151.992
 150.045
 139.545
 141.152
 145.677
 151.801
 164.921
 160.117
 135.851
 134.161
 137.257
 170.595
 163.609
 154.686
 138.615
 124.745
 144.072
 152.283
 171.847
 175.312
 158.992
 134.643
 112.352
 137.310
 169.542
 193.836
 175.267
 128.364
  97.343
 114.478
 169.830
 189.486
 177.177
 139.564
 106.964
 113.139
 163.740
 197.126
 183.394
 139.388
 121.996
 120.837
 144.554
 179.502
 191.026
 152.528
 136.946
 111.121
 134.131
 149.560
 183.156
 177.925
 156.596
 131.115
 126.701
 148.788
 159.476
 165.738
 165.016
 147.374
 142.215
 131.072
 160.359
 165.286
 168.181
 151.294
 153.329
 139.135
 139.988
 154.182
 158.924
 141.059
 142.463
 142.694
 174.186
 172.973
 171.040
 145.810
 128.319
 126.183
 148.728
 165.148
 174.255
 140.750
 130.437
 146.379
 161.949
 176.614
 162.619
 145.286
 129.679
 137.184
 155.117
 153.729
 166.454
 151.082
 144.392
 121.344
 149.251
 158.980
 168.411
 145.550
 151.637
 135.721
 166.223
 166.030
 162.689
 144.527
 142.976
 129.988
 146.937
 147.257
 156.083
 161.534
 146.355
 140.494
 144.932
 157.488
 149.823
 161.782
 139.327
 149.510
 130.639
 150.428
 141.217
 158.307
 148.809
 153.821
 150.650
 161.912
 163.761
 152.874
 130.999
 115.844
 143.812
 168.368
 181.473
 158.615
 144.713
 134.620
 144.645
 150.545
 161.953
 153.436
 145.260
 122.780
 132.463
 147.955
 157.950
 167.448
 150.268
 153.042
 138.454
 149.375
 156.583
 165.899
 163.346
 158.555
 141.224
 140.825
 134.200
 142.548
 152.866
 166.065
 158.089
 149.963
 131.962
 149.023
 142.123
 157.429
 162.744
 167.031
 153.632
 128.568
 142.177
 146.941
 149.266
 155.145
 154.798
 137.358
 147.262
 142.074
 161.137
 165.046
 157.021
 162.293
 121.908
 135.360
 137.712
 157.726
 159.534
 172.408
 166.796
 152.862
 127.337
 142.362
 138.988
 160.785
 153.519
 146.598
 124.119
 141.114
 136.861
 181.439
 172.592
 163.664
 124.316
 122.571
 133.723
 170.961
 173.604
 172.647
 137.805
 121.692
 126.121
 150.942
 169.716
 175.026
 151.037
 142.457
 128.716
 144.240
 168.485
 165.974
 156.206
 122.333
 138.509
 140.143
 166.378
 172.155
 152.238
 123.290
 136.131
 140.337
 166.857
 168.851
 166.498
 146.769
 138.084
 120.484
 145.614
 150.405
 160.805
 155.321
 156.348
 153.459
 140.825
 150.201
 140.250
 165.274
 151.975
 159.574
 134.007
 160.199
 143.374
 163.597
 154.831
 161.775
 145.092
 131.200
 148.744
 148.948
 178.613
 164.396
 153.605
 131.598
 130.134
 138.155
 173.710
 171.985
 166.890
 132.521
 134.615
 131.518
 163.055
 172.138
 185.719
 138.743
 139.474
 115.517
 158.783
 167.696
 181.324
 148.417
 126.639
 117.709
 144.565
 164.682
 180.373
 152.269
 134.090
 124.738
 153.204
 152.607
 174.558
 138.760
 133.338
 122.271
 143.163
 151.379
 161.671
 153.027
 155.129
 145.158
 138.440
 153.416
 157.440
 152.364
 152.305
 157.474
 139.125
 138.774
 144.895
 161.764
 171.912
 166.461
 153.135
 141.279
 134.177
 150.820
 155.070
 161.338
 149.331
 155.710
 146.946
 166.322
 167.759
 165.464
 145.069
 135.118
 135.860
 147.007
 171.729
 169.771
 166.417
 136.199
 148.563
 154.685
 159.102
 154.343
 144.980
 137.563
 144.445
 141.515
 154.143
 153.167
 161.195
 142.897
 149.289
 142.452
 167.284
 155.189
 169.562
 128.019
 136.312
 126.461
 154.889
 171.235
 177.882
 148.082
 140.974
 127.640
 147.343
 156.904
 170.007
 154.227
 141.036
 133.946
 147.093
 162.190
 169.670
 161.793
 152.817
 118.295
 133.318
 139.275
 164.539
 163.729
 172.806
 150.131
 127.101
 125.190
 142.367
 167.925
 178.277
 149.807
 131.897
 133.214
 133.949
 160.257
 169.269
 166.873
 152.963
 133.823
 123.442
 133.649
 166.335
 177.445
 158.479
 142.164
 140.573
 143.158
 141.588
 153.783
 148.192
 152.152
 148.510
 146.102
 148.871
 144.438
 155.799
 143.458
 141.376
 153.412
 161.374
 169.940
 146.764
 149.746
 129.820
 154.416
 161.310
 175.652
 166.327
 146.561
 122.871
 113.735
 141.191
 169.935
 183.485
 155.205
 137.818
 124.409
 143.736
 158.044
 173.099
 164.758
 145.311
 131.178
 141.723
 154.224
 159.301
 156.195
 151.624
 154.418
 150.929
 166.358
 151.078
 144.427
 137.261
 130.617
 143.343
 152.543
 153.956
 138.461
 137.904
 145.312
 163.017
 160.295
 156.712
 140.207
 127.207
 144.048
 148.899
 171.000
 160.544
 152.524
 137.065
 143.717
 150.189
 155.150
 162.269
 150.201
 145.761
 151.446
 149.461
 154.546
 154.790
 154.000
 139.347
 132.447
 138.940
 161.968
 157.811
 145.607
 141.017
 135.852
 148.847
 151.241
 175.211
 162.888
 154.433
 128.749
 134.228
 148.002
 169.366
 174.843
 137.421
 127.806
 134.026
 157.792
 152.526
 148.795
 144.033
 141.156
 153.990
 156.949
 162.183
 163.077
 145.320
 152.437
 146.903
 150.592
 152.256
 148.010
 147.560
 148.193
 145.202
 147.280
 145.050
 150.138
 153.204
 153.275
 156.686
 155.807
 138.954
 142.275
 154.619
 167.281
 181.578
 150.437
 122.690
 109.204
 148.536
 166.857
 193.578
 158.409
 150.351
 117.039
 122.236
 140.917
 171.931
 173.001
 145.823
 132.386
 145.289
 158.034
 171.521
 153.381
 155.177
 139.838
 150.605
 155.209
 172.752
 154.104
 155.982
 131.111
 146.492
 132.057
 163.075
 149.406
 168.107
 138.318
 135.770
 124.960
 167.773